1.568200000000000e+004
1.568299999997474e+004
1.568399999994948e+004
1.568499999992421e+004
1.568599999989895e+004
1.568699999987369e+004
1.568799999984843e+004
1.568899999982317e+004
1.568999999979790e+004
1.569099999977264e+004
1.569299939972213e+004
1.569850009958317e+004
1.570850119933052e+004
1.571850259907787e+004
1.572850389882521e+004
1.573850499857256e+004
1.574850639831991e+004
1.575850779806725e+004
1.576850879781460e+004
1.577851019756195e+004
1.578851159730929e+004
1.579851279705664e+004
1.580851399680399e+004
1.581851539655133e+004
1.582851659629868e+004
1.583851779604603e+004
1.584851919579337e+004
1.585852059554071e+004
1.586852159528807e+004
1.587852299503541e+004
1.588852439478275e+004
1.589852539453011e+004
1.590852679427745e+004
1.591852819402480e+004
1.592852939377214e+004
1.593853059351949e+004
1.594853199326684e+004
1.595853319301418e+004
1.596853439276153e+004
1.597853579250888e+004
1.598853719225622e+004
1.599853819200357e+004
1.600853959175092e+004
1.601854099149826e+004
1.602854209124561e+004
1.603854339099296e+004
1.604854459074030e+004
1.605854589048765e+004
1.606854719023500e+004
1.607854838998234e+004
1.608854988972969e+004
1.609855118947703e+004
1.610855248922438e+004
1.611855378897172e+004
1.612855498871907e+004
1.613855618846642e+004
1.614855758821376e+004
1.615855878796111e+004
1.616855998770846e+004
1.617856118745581e+004
1.618856258720315e+004
1.619856378695050e+004
1.620856508669785e+004
1.621856638644519e+004
1.622856758619254e+004
1.623856888593989e+004
1.624857018568723e+004
1.625857148543458e+004
1.626857278518192e+004
1.627857398492927e+004
1.628857538467662e+004
1.629857658442396e+004
1.630857778417131e+004
1.631857918391866e+004
1.632858038366601e+004
1.633858168341335e+004
1.634858298316070e+004
1.635858418290805e+004
1.636858548265539e+004
1.637858678240274e+004
1.638858808215008e+004
1.639858938189743e+004
1.640859058164478e+004
1.641859188139212e+004
1.642859318113947e+004
1.643859448088682e+004
1.644859578063416e+004
1.645859698038151e+004
1.646859828012886e+004
1.647859957987620e+004
1.648860087962355e+004
1.649860217937089e+004
1.650860337911824e+004
1.651860467886559e+004
1.652860597861293e+004
1.653860717836028e+004
1.654860857810763e+004
1.655860977785497e+004
1.656861107760232e+004
1.657861237734967e+004
1.658861357709701e+004
1.659861487684436e+004
1.660861617659171e+004
1.661861747633905e+004
1.662861877608640e+004
1.663861997583375e+004
1.664862117558109e+004
1.665862257532844e+004
1.666862377507579e+004
1.667862497482313e+004
1.668862627457048e+004
1.669862767431782e+004
1.670862897406517e+004
1.671863027381252e+004
1.672863157355986e+004
1.673863277330721e+004
1.674863407305456e+004
1.675863537280190e+004
1.676863657254925e+004
1.677863777229660e+004
1.678863917204394e+004
1.679864037179129e+004
1.680864157153864e+004
1.681864277128599e+004
1.682864407103333e+004
1.683864537078068e+004
1.684864667052803e+004
1.685864797027537e+004
1.686864917002272e+004
1.687865046977007e+004
1.688865186951741e+004
1.689865316926475e+004
1.690865436901210e+004
1.691865566875945e+004
1.692865696850680e+004
1.693865816825414e+004
1.694865946800149e+004
1.695866076774884e+004
1.696866196749618e+004
1.697866326724353e+004
1.698866456699088e+004
1.699866576673822e+004
1.700866716648557e+004
1.701866836623292e+004
1.702866966598026e+004
1.703867096572761e+004
1.704867216547496e+004
1.705867346522230e+004
1.706867476496965e+004
1.707867606471699e+004
1.708867736446434e+004
1.709867856421169e+004
1.710867986395903e+004
1.711868116370638e+004
1.712868246345373e+004
1.713868376320107e+004
1.714868496294842e+004
1.715868626269577e+004
1.716868756244311e+004
1.717868886219046e+004
1.718869016193780e+004
1.719869136168515e+004
1.720869266143250e+004
1.721869396117984e+004
1.722869516092719e+004
1.723869656067454e+004
1.724869776042188e+004
1.725869906016923e+004
1.726870035991658e+004
1.727870155966392e+004
1.728870275941127e+004
1.729870415915862e+004
1.730870545890596e+004
1.731870675865331e+004
1.732870795840066e+004
1.733870925814800e+004
1.734871055789535e+004
1.735871185764269e+004
1.736871315739004e+004
1.737871435713739e+004
1.738871565688473e+004
1.739871695663208e+004
1.740871815637943e+004
1.741871935612678e+004
1.742872065587412e+004
1.743872195562147e+004
1.744872325536882e+004
1.745872455511616e+004
1.746872575486351e+004
1.747872705461086e+004
1.748872835435820e+004
1.749872965410555e+004
1.750873095385289e+004
1.751873215360024e+004
1.752873345334759e+004
1.753873475309493e+004
1.754873595284228e+004
1.755873715258963e+004
1.756873855233697e+004
1.757873975208432e+004
1.758874105183167e+004
1.759874235157901e+004
1.760874355132636e+004
1.761874485107371e+004
1.762874615082105e+004
1.763874745056840e+004
1.764874875031575e+004
1.765874995006309e+004
1.766875124981044e+004
1.767875254955779e+004
1.768875374930513e+004
1.769875514905248e+004
1.770875634879983e+004
1.771875754854718e+004
1.772875884829452e+004
1.773876014804187e+004
1.774876134778922e+004
1.775876264753656e+004
1.776876394728392e+004
1.777876524703125e+004
1.778876654677860e+004
1.779876774652595e+004
1.780876904627329e+004
1.781877034602065e+004
1.782877154576800e+004
1.783877284551533e+004
1.784877414526268e+004
1.785877534501003e+004
1.786877664475737e+004
1.787877794450472e+004
1.788877914425208e+004
1.789878044399941e+004
1.790878174374676e+004
1.791878294349411e+004
1.792878434324145e+004
1.793878554298880e+004
1.794878684273615e+004
1.795878804248349e+004
1.796878934223084e+004
1.797879064197819e+004
1.798879194172553e+004
1.799879314147288e+004
1.800879444122023e+004
1.801879574096757e+004
1.802879694071492e+004
1.803879824046227e+004
1.804879954020961e+004
1.805880073995696e+004
1.806880213970430e+004
1.807880333945165e+004
1.808880453919900e+004
1.809880593894636e+004
1.810880713869369e+004
1.811880843844104e+004
1.812880973818839e+004
1.813881093793573e+004
1.814881223768308e+004
1.815881353743044e+004
1.816881473717779e+004
1.817881603692513e+004
1.818881733667247e+004
1.819881853641981e+004
1.820881983616716e+004
1.821882113591452e+004
1.822882233566187e+004
1.823882373540920e+004
1.824882493515655e+004
1.825882623490389e+004
1.826882753465124e+004
1.827882873439859e+004
1.828883003414593e+004
1.829883133389328e+004
1.830883253364063e+004
1.831883383338797e+004
1.832883513313532e+004
1.833883633288267e+004
1.834883763263001e+004
1.835883893237736e+004
1.836884013212471e+004
1.837884153187205e+004
1.838884273161940e+004
1.839884403136675e+004
1.840884533111409e+004
1.841884653086144e+004
1.842884783060879e+004
1.843884913035613e+004
1.844885033010348e+004
1.845885162985083e+004
1.846885292959817e+004
1.847885412934552e+004
1.848885542909287e+004
1.849885672884023e+004
1.850885792858757e+004
1.851885932833490e+004
1.852886052808225e+004
1.853886182782960e+004
1.854886312757696e+004
1.855886432732431e+004
1.856886562707164e+004
1.857886692681898e+004
1.858886812656633e+004
1.859886942631368e+004
1.860887072606102e+004
1.861887192580839e+004
1.862887322555572e+004
1.863887452530306e+004
1.864887572505041e+004
1.865887712479776e+004
1.866887832454510e+004
1.867887962429245e+004
1.868888092403980e+004
1.869888212378715e+004
1.870888342353449e+004
1.871888472328184e+004
1.872888592302919e+004
1.873888722277653e+004
1.874888852252388e+004
1.875888972227123e+004
1.876889112201857e+004
1.877889232176592e+004
1.878889352151327e+004
1.879889492126061e+004
1.880889612100796e+004
1.881889742075530e+004
1.882889872050266e+004
1.883889992025001e+004
1.884890121999734e+004
1.885890251974469e+004
1.886890371949204e+004
1.887890501923938e+004
1.888890631898674e+004
1.889890761873408e+004
1.890890891848142e+004
1.891891011822877e+004
1.892891141797612e+004
1.893891271772346e+004
1.894891401747081e+004
1.895891531721815e+004
1.896891651696550e+004
1.897891771671285e+004
1.898891901646020e+004
1.899892031620754e+004
1.900892161595489e+004
1.901892291570223e+004
1.902892411544958e+004
1.903892541519693e+004
1.904892671494427e+004
1.905892791469162e+004
1.906892921443897e+004
1.907893051418632e+004
1.908893171393366e+004
1.909893311368101e+004
1.910893431342836e+004
1.911893561317570e+004
1.912893691292305e+004
1.913893811267040e+004
1.914893941241774e+004
1.915894071216510e+004
1.916894191191245e+004
1.917894331165978e+004
1.918894451140713e+004
1.919894571115448e+004
1.920894711090183e+004
1.921894831064918e+004
1.922894961039651e+004
1.923895091014386e+004
1.924895210989121e+004
1.925895340963855e+004
1.926895470938590e+004
1.927895600913325e+004
1.928895730888059e+004
1.929895850862794e+004
1.930895980837529e+004
1.931896110812263e+004
1.932896230786998e+004
1.933896350761733e+004
1.934896490736467e+004
1.935896610711202e+004
1.936896740685937e+004
1.937896870660671e+004
1.938896990635406e+004
1.939897120610141e+004
1.940897250584875e+004
1.941897380559610e+004
1.942897510534344e+004
1.943897630509079e+004
1.944897750483814e+004
1.945897890458548e+004
1.946898010433283e+004
1.947898130408018e+004
1.948898270382754e+004
1.949898390357489e+004
1.950898520332222e+004
1.951898650306957e+004
1.952898770281691e+004
1.953898900256426e+004
1.954899030231162e+004
1.955899160205895e+004
1.956899290180630e+004
1.957899410155365e+004
1.958899540130099e+004
1.959899670104834e+004
1.960899790079570e+004
1.961899910054305e+004
1.962900050029038e+004
1.963900180003772e+004
1.964900309978507e+004
1.965900429953242e+004
1.966900559927976e+004
1.967900689902711e+004
1.968900819877446e+004
1.969900949852180e+004
1.970901069826915e+004
1.971901199801650e+004
1.972901329776384e+004
1.973901449751119e+004
1.974901569725854e+004
1.975901709700588e+004
1.976901829675323e+004
1.977901959653688e+004
1.978902089639290e+004
1.979902209627182e+004
1.980902339615073e+004
1.981902469602964e+004
1.982902599590855e+004
1.983902719578746e+004
1.984902839566638e+004
1.985902969554529e+004
1.986903099542420e+004
1.987903229530311e+004
1.988903359518202e+004
1.989903489506096e+004
1.990903609493985e+004
1.991903739481876e+004
1.992903869469767e+004
1.993903989457659e+004
1.994904119445549e+004
1.995904249433442e+004
1.996904379421333e+004
1.997904509409226e+004
1.998904629397115e+004
1.999904759385006e+004
2.000904889372898e+004
2.001905009360789e+004
2.002905149348683e+004
2.003905269336572e+004
2.004905399324463e+004
2.005905529312354e+004
2.006905649300246e+004
2.007905779288136e+004
2.008905909276028e+004
2.009906039263919e+004
2.010906169251812e+004
2.011906289239701e+004
2.012906419227592e+004
2.013906549215484e+004
2.014906679203376e+004
2.015906809191269e+004
2.016906929179158e+004
2.017907059167049e+004
2.018907189154940e+004
2.019907319142832e+004
2.020907449130723e+004
2.021907569118615e+004
2.022907699106506e+004
2.023907829094399e+004
2.024907949082288e+004
2.025908069070180e+004
2.026908199058071e+004
2.027908329045962e+004
2.028908459033855e+004
2.029908589021744e+004
2.030908719009635e+004
2.031908848997526e+004
2.032908978985418e+004
2.033909108973309e+004
2.034909228961201e+004
2.035909358949092e+004
2.036909488936985e+004
2.037909608924874e+004
2.038909728912765e+004
2.039909858900657e+004
2.040909988888548e+004
2.041910108876440e+004
2.042910238864331e+004
2.043910368852224e+004
2.044910488840113e+004
2.045910618828004e+004
2.046910748815896e+004
2.047910868803787e+004
2.048911008791681e+004
2.049911148779572e+004
2.050911268767461e+004
2.051911388755352e+004
2.052911508743244e+004
2.053911648731134e+004
2.054911768719026e+004
2.055911898706917e+004
2.056912028694811e+004
2.057912148682700e+004
2.058912278670591e+004
2.059912408658482e+004
2.060912538646374e+004
2.061912668634267e+004
2.062912788622156e+004
2.063912928610047e+004
2.064913068597938e+004
2.065913188585830e+004
2.066913318573721e+004
2.067913448561614e+004
2.068913568549504e+004
2.069913708537394e+004
2.070913828525285e+004
2.071913958513178e+004
2.072914088501070e+004
2.073914208488960e+004
2.074914348476851e+004
2.075914468464744e+004
2.076914598452633e+004
2.077914728440525e+004
2.078914848428416e+004
2.079914978416308e+004
2.080915108404201e+004
2.081915228392090e+004
2.082915358379981e+004
2.083915488367872e+004
2.084915608355764e+004
2.085915728343655e+004
2.086915858331547e+004
2.087915988319440e+004
2.088916118307330e+004
2.089916258295219e+004
2.090916388283111e+004
2.091916508271003e+004
2.092916648258894e+004
2.093916768246787e+004
2.094916888234676e+004
2.095917008222570e+004
2.096917148210458e+004
2.097917268198350e+004
2.098917388186241e+004
2.099917518174133e+004
2.100917648162026e+004
2.101917768149915e+004
2.102917898137806e+004
2.103918028125697e+004
2.104918158113590e+004
2.105918288101481e+004
2.106918408089372e+004
2.107918548077263e+004
2.108918678065154e+004
2.109918808053045e+004
2.110918928040937e+004
2.111919048028828e+004
2.112919168016719e+004
2.113919308004613e+004
2.114919437992501e+004
2.115919547980395e+004
2.116919687968284e+004
2.117919817956176e+004
2.118919927944067e+004
2.119920067931958e+004
2.120920207919849e+004
2.121920307907741e+004
2.122920447895632e+004
2.123920587883523e+004
2.124920687871415e+004
2.125920827859305e+004
2.126920967847199e+004
2.127921087835088e+004
2.128921207822982e+004
2.129921347810870e+004
2.130921467798763e+004
2.131921587786653e+004
2.132921727774545e+004
2.133921867762435e+004
2.134921967750327e+004
2.135922107738218e+004
2.136922247726109e+004
2.137922367714001e+004
2.138922487701892e+004
2.139922627689785e+004
2.140922747677674e+004
2.141922867665568e+004
2.142923007653456e+004
2.143923147641349e+004
2.144923247629240e+004
2.145923387617131e+004
2.146923507605024e+004
2.147923627592914e+004
2.148923767580804e+004
2.149923907568696e+004
2.150924027556588e+004
2.151924147544480e+004
2.152924287532372e+004
2.153924407520261e+004
2.154924527508154e+004
2.155924667496043e+004
2.156924807483935e+004
2.157524857476670e+004
2.157598967475773e+004
2.157698847474562e+004
2.158248887467903e+004
2.159249027455795e+004
2.160249167443686e+004
2.161249287431579e+004
2.162230167419701e+004
2.162936017411157e+004
2.163436087405101e+004
2.163936137399047e+004
2.164436217392993e+004
2.164936277386938e+004
2.165436337380885e+004
2.165936397374832e+004
2.166436457368777e+004
2.166936517362721e+004
2.167436597356669e+004
2.167936657350612e+004
2.168436717344557e+004
2.168936777338505e+004
2.169436837332448e+004
2.169936907326394e+004
2.170436957320340e+004
2.170937037314287e+004
2.171437097308232e+004
2.171937157302177e+004
2.172437217296124e+004
2.172937297290069e+004
2.173437347284014e+004
2.173937417277959e+004
2.174437477271905e+004
2.174937547265850e+004
2.175437597259796e+004
2.175937677253743e+004
2.176437737247688e+004
2.176937797241633e+004
2.177437857235581e+004
2.177937937229524e+004
2.178437977223471e+004
2.178938057217418e+004
2.179438117211363e+004
2.179938177205308e+004
2.180438237199253e+004
2.180938297193198e+004
2.181438367187144e+004
2.181938437181091e+004
2.182438497175035e+004
2.182938557168983e+004
2.183438617162927e+004
2.183938677156872e+004
2.184438747150819e+004
2.184938797144765e+004
2.185438877138711e+004
2.185938937132657e+004
2.186438997126602e+004
2.186939057120546e+004
2.187439117114493e+004
2.187939177108437e+004
2.188439257102383e+004
2.188939317096330e+004
2.189439377090274e+004
2.189939437084222e+004
2.190439497078166e+004
2.190939557072113e+004
2.191439627066058e+004
2.191939697060002e+004
2.192439757053950e+004
2.192939817047896e+004
2.193439877041841e+004
2.193939947035786e+004
2.194440017029730e+004
2.194940077023677e+004
2.195440137017622e+004
2.195940197011569e+004
2.196440267005515e+004
2.196940336999459e+004
2.197440396993406e+004
2.197940456987351e+004
2.198440516981296e+004
2.198940586975243e+004
2.199440656969188e+004
2.199940716963133e+004
2.200440776957078e+004
2.200940836951023e+004
2.201440896944969e+004
2.201940956938916e+004
2.202441016932861e+004
2.202941086926809e+004
2.203441156920752e+004
2.203875576915492e+004
2.204218326911342e+004
2.204551706907306e+004
2.204885086903271e+004
2.205218466899236e+004
2.205551826895200e+004
2.205885206891161e+004
2.206299606886144e+004
2.207080706876687e+004
2.208080846864579e+004
2.209080966852469e+004
2.210081096840362e+004
2.211081226828253e+004
2.212081346816144e+004
2.213081476804035e+004
2.214081606791928e+004
2.215081736779817e+004
2.216081866767709e+004
2.217081986755601e+004
2.218082116743491e+004
2.219082246731385e+004
2.220082366719274e+004
2.221082506707165e+004
2.222082626695056e+004
2.223082756682948e+004
2.224082886670840e+004
2.225083006658730e+004
2.226083136646621e+004
2.227083246634513e+004
2.228083376622404e+004
2.229083506610295e+004
2.230083626598187e+004
2.231083756586078e+004
2.232083886573969e+004
2.233084016561860e+004
2.234084146549753e+004
2.235084266537643e+004
2.236084396525534e+004
2.237084526513425e+004
2.238084656501317e+004
2.239084786489210e+004
2.240084906477099e+004
2.241085036464990e+004
2.242085166452881e+004
2.243085286440773e+004
2.244085426428665e+004
2.245085546416556e+004
2.246085666404446e+004
2.247085786392338e+004
2.248085906380232e+004
2.249086036368120e+004
2.250086166356012e+004
2.250964406345379e+004
2.251567596338075e+004
2.252040076332355e+004
2.252420886327745e+004
2.252754266323708e+004
2.253087636319672e+004
2.253421006315638e+004
2.253754386311600e+004
2.254087766307566e+004
2.254421146303527e+004
2.254754516299494e+004
2.255161836294559e+004
2.255935866285190e+004
2.256935996273080e+004
2.257936126260971e+004
2.258936246248864e+004
2.259936376236753e+004
2.260733266227106e+004
2.261163446221896e+004
2.261496826217861e+004
2.261830206213826e+004
2.262163576209789e+004
2.262496946205755e+004
2.262830326201716e+004
2.263163706197681e+004
2.263497086193645e+004
2.263830456189608e+004
2.264163826185573e+004
2.264497206181534e+004
2.264830586177501e+004
2.265163966173462e+004
2.265497326169428e+004
2.265830706165390e+004
2.266164086161356e+004
2.266497466157319e+004
2.266830826153280e+004
2.267164206149244e+004
2.267497586145210e+004
2.267830966141174e+004
2.268164346137136e+004
2.268497706133100e+004
2.268831086129065e+004
2.269164466125029e+004
2.269497846120991e+004
2.269831216116957e+004
2.270164586112920e+004
2.270497966108884e+004
2.270831346104846e+004
2.271164726100811e+004
2.271498086096773e+004
2.271831466092740e+004
2.272164846088701e+004
2.272498226084666e+004
2.272831596080629e+004
2.273164966076594e+004
2.273498346072558e+004
2.273831726068520e+004
2.274165106064483e+004
2.274498486060447e+004
2.274831846056413e+004
2.275165226052375e+004
2.275498606048341e+004
2.275831986044302e+004
2.276165356040269e+004
2.276498726036230e+004
2.276832106032195e+004
2.277165486028159e+004
2.277498866024121e+004
2.277832236020084e+004
2.278165606016050e+004
2.278498986012014e+004
2.278832366007976e+004
2.279165746003942e+004
2.279499105999905e+004
2.279832485995870e+004
2.280165865991831e+004
2.280499245987796e+004
2.280832615983759e+004
2.281165985979722e+004
2.281499365975686e+004
2.281832745971651e+004
2.282166125967616e+004
2.282499485963580e+004
2.282832865959543e+004
2.283166245955507e+004
2.283499625951471e+004
2.283832995947432e+004
2.284166365943398e+004
2.284499745939360e+004
2.284833125935326e+004
2.285166505931287e+004
2.285499875927254e+004
2.285833245923215e+004
2.286166625919181e+004
2.286500005915144e+004
2.286833385911107e+004
2.287166745907070e+004
2.287500125903035e+004
2.287833505898999e+004
2.288166885894961e+004
2.288500265890927e+004
2.288833625886891e+004
2.289167005882855e+004
2.289500385878816e+004
2.289833765874781e+004
2.290167135870744e+004
2.290500505866710e+004
2.290833885862671e+004
2.291167265858637e+004
2.291500645854601e+004
2.291834015850563e+004
2.292167385846526e+004
2.292500765842492e+004
2.292834145838456e+004
2.293167525834417e+004
2.293500885830383e+004
2.293834265826345e+004
2.294167645822308e+004
2.294501025818272e+004
2.294834395814239e+004
2.295167765810200e+004
2.295501145806166e+004
2.295834525802128e+004
2.296167905798093e+004
2.296501265794055e+004
2.296834645790020e+004
2.297168025785984e+004
2.297501405781946e+004
2.297834775777910e+004
2.298168145773876e+004
2.298501525769840e+004
2.298834905765802e+004
2.299168285761768e+004
2.299501655757729e+004
2.299835025753692e+004
2.300168405749656e+004
2.300501785745622e+004
2.300835165741586e+004
2.301168525737547e+004
2.301501905733511e+004
2.301835285729477e+004
2.302168665725441e+004
2.302502045721403e+004
2.302835405717368e+004
2.303168785713331e+004
2.303502165709296e+004
2.303835545705257e+004
2.304168915701224e+004
2.304502285697185e+004
2.304835665693152e+004
2.305169045689113e+004
2.305502425685078e+004
2.305835785681041e+004
2.306169165677005e+004
2.306502545672969e+004
2.306835925668931e+004
2.307169305664895e+004
2.307502665660861e+004
2.307836045656825e+004
2.308169425652787e+004
2.308502805648753e+004
2.308836175644714e+004
2.309169545640680e+004
2.309502925636641e+004
2.309836305632607e+004
2.310169685628571e+004
2.310503045624535e+004
2.310836425620496e+004
2.311169805616462e+004
2.311503185612426e+004
2.311836565608388e+004
2.312169925604352e+004
2.312503305600317e+004
2.312836685596278e+004
2.313170065592242e+004
2.313503435588209e+004
2.313836805584170e+004
2.314170185580134e+004
2.314503565576098e+004
2.314836945572063e+004
2.315170305568026e+004
2.315503685563992e+004
2.315837065559954e+004
2.316170445555919e+004
2.316503825551883e+004
2.316837185547846e+004
2.317170565543810e+004
2.317503945539772e+004
2.317837325535738e+004
2.318170695531699e+004
2.318504065527665e+004
2.318837445523627e+004
2.319170825519592e+004
2.319504205515556e+004
2.319837565511517e+004
2.320170945507482e+004
2.320504325503447e+004
2.320837705499411e+004
2.321171085495373e+004
2.321504445491337e+004
2.321837825487302e+004
2.322171205483266e+004
2.322504585479228e+004
2.322837955475194e+004
2.323171325471156e+004
2.323504705467122e+004
2.323838085463083e+004
2.324171465459048e+004
2.324504825455011e+004
2.324838205450977e+004
2.325171585446938e+004
2.325504965442904e+004
2.325838345438868e+004
2.326171705434831e+004
2.326505085430795e+004
2.326838465426757e+004
2.327171845422720e+004
2.327505215418684e+004
2.327838585414650e+004
2.328171965410612e+004
2.328505345406578e+004
2.328838725402541e+004
2.329172085398505e+004
2.329505465394467e+004
2.329838845390432e+004
2.330172225386396e+004
2.330505605382358e+004
2.330838965378322e+004
2.331172345374287e+004
2.331505725370251e+004
2.331839105366213e+004
2.332172465362179e+004
2.332505845358143e+004
2.332839225354104e+004
2.333172605350068e+004
2.333505985346033e+004
2.333839345341996e+004
2.334172725337962e+004
2.334506105333923e+004
2.334839485329889e+004
2.335172855325852e+004
2.335506225321817e+004
2.335839605317780e+004
2.336172985313743e+004
2.336506365309708e+004
2.336839725305671e+004
2.337173105301635e+004
2.337506485297597e+004
2.337839865293563e+004
2.338173245289524e+004
2.338506605285491e+004
2.338839985281452e+004
2.339173365277417e+004
2.339506745273381e+004
2.339840115269343e+004
2.340173485265307e+004
2.340506865261272e+004
2.340840245257237e+004
2.341173625253198e+004
2.341506985249162e+004
2.341840365245128e+004
2.342173745241092e+004
2.342507125237053e+004
2.342840495233019e+004
2.343173865228981e+004
2.343507245224947e+004
2.343840625220908e+004
2.344174005216874e+004
2.344507365212836e+004
2.344840745208802e+004
2.345174125204764e+004
2.345507505200729e+004
2.345840885196690e+004
2.346174245192656e+004
2.346507625188620e+004
2.346841005184582e+004
2.347174385180546e+004
2.347507755176510e+004
2.347841125172476e+004
2.348174505168437e+004
2.348507885164404e+004
2.348841265160366e+004
2.349174625156331e+004
2.349508005152292e+004
2.349841385148258e+004
2.350174765144222e+004
2.350508145140183e+004
2.350841505136147e+004
2.351174885132113e+004
2.351508265128077e+004
2.351841645124039e+004
2.352175005120004e+004
2.352508385115968e+004
2.352841765111929e+004
2.353175145107893e+004
2.353508525103859e+004
2.353841885099821e+004
2.354175265095787e+004
2.354508645091749e+004
2.354842025087714e+004
2.355175395083677e+004
2.355508765079641e+004
2.355842145075605e+004
2.356175525071567e+004
2.356508905067533e+004
2.356842275063495e+004
2.357175645059461e+004
2.357509025055423e+004
2.357842405051389e+004
2.358175785047350e+004
2.358509155043316e+004
2.358842525039277e+004
2.359175905035243e+004
2.359509285031207e+004
2.359842665027169e+004
2.360176025023132e+004
2.360509405019098e+004
2.360842785015062e+004
2.361176165011024e+004
2.361509525006988e+004
2.361842905002953e+004
2.362176284998917e+004
2.362509664994878e+004
2.362843034990845e+004
2.363176404986806e+004
2.363509784982773e+004
2.363843164978734e+004
2.364176544974699e+004
2.364509904970662e+004
2.364843284966628e+004
2.365176664962590e+004
2.365510044958554e+004
2.365843404954516e+004
2.366176784950482e+004
2.366510164946446e+004
2.366843544942408e+004
2.367176924938374e+004
2.367510284934337e+004
2.367843664930301e+004
2.368177044926263e+004
2.368510424922228e+004
2.368843804918192e+004
2.369177164914156e+004
2.369510544910117e+004
2.369843924906083e+004
2.370177304902047e+004
2.370510674898009e+004
2.370844044893973e+004
2.371177424889938e+004
2.371510804885902e+004
2.371844184881864e+004
2.372177554877830e+004
2.372510924873792e+004
2.372844304869755e+004
2.373177684865719e+004
2.373511064861684e+004
2.373844424857647e+004
2.374177804853613e+004
2.374511184849574e+004
2.374844564845540e+004
2.375177924841502e+004
2.375511304837467e+004
2.375844684833431e+004
2.376178064829393e+004
2.376511444825359e+004
2.376844804821322e+004
2.377178184817286e+004
2.377511564813248e+004
2.377844944809214e+004
2.378178314805176e+004
2.378511684801141e+004
2.378845064797103e+004
2.379178444793068e+004
2.379511824789032e+004
2.379845194784994e+004
2.380178564780958e+004
2.380511944776923e+004
2.380845324772887e+004
2.381178704768849e+004
2.381512064764813e+004
2.381845444760779e+004
2.382178824756743e+004
2.382512204752704e+004
2.382845564748670e+004
2.383178944744632e+004
2.383512324740598e+004
2.383845704736559e+004
2.384179084732525e+004
2.384512444728487e+004
2.384845824724453e+004
2.385179204720416e+004
2.385512584716378e+004
2.385845954712341e+004
2.386179324708307e+004
2.386512704704271e+004
2.386846084700233e+004
2.387179464696199e+004
2.387512834692164e+004
2.387846204688125e+004
2.388179584684088e+004
2.388512964680050e+004
2.388846344676014e+004
2.389179714671976e+004
2.389513084667941e+004
2.389846464663905e+004
2.390179844659870e+004
2.390513224655832e+004
2.390846584651797e+004
2.391179964647761e+004
2.391513344643725e+004
2.391846724639693e+004
2.392180104635653e+004
2.392513474631616e+004
2.392846844627583e+004
2.393180224623546e+004
2.393513594619508e+004
2.393846964615471e+004
2.394180344611435e+004
2.394513724607401e+004
2.394847104603366e+004
2.395180484599325e+004
2.395513864595289e+004
2.395847234591254e+004
2.396180604587216e+004
2.396513984583180e+004
2.396847354579144e+004
2.397180724575109e+004
2.397514104571071e+004
2.397847484567035e+004
2.398180864563000e+004
2.398514244558963e+004
2.398847604554932e+004
2.399180984550892e+004
2.399514364546855e+004
2.399847744542819e+004
2.400181114538782e+004
2.400514484534750e+004
2.400847864530711e+004
2.401181234526675e+004
2.401514604522640e+004
2.401847984518606e+004
2.402181364514564e+004
2.402514724510528e+004
2.402848104506492e+004
2.403181484502455e+004
2.403514864498419e+004
2.403848244494383e+004
2.404181624490347e+004
2.404514994486311e+004
2.404848364482276e+004
2.405181744478239e+004
2.405515124474202e+004
2.405848484470171e+004
2.406181864466131e+004
2.406515244462094e+004
2.406848624458058e+004
2.407182004454022e+004
2.407515364449989e+004
2.407848744445950e+004
2.408182124441913e+004
2.408515504437876e+004
2.408848874433839e+004
2.409182244429803e+004
2.409515624425767e+004
2.409849004421731e+004
2.410182364417694e+004
2.410515744413658e+004
2.410849124409622e+004
2.411182504405586e+004
2.411515884401550e+004
2.411849264397519e+004
2.412182634393478e+004
2.412516004389442e+004
2.412849384385408e+004
2.413182764381371e+004
2.413516124377333e+004
2.413849504373297e+004
2.414182884369261e+004
2.414516264365226e+004
2.414849644361192e+004
2.415183024357150e+004
2.415516384353115e+004
2.415849764349079e+004
2.416183144345041e+004
2.416516514341006e+004
2.416849884336970e+004
2.417183264332934e+004
2.417516644328897e+004
2.417850024324861e+004
2.418183384320825e+004
2.418516764316792e+004
2.418850144312758e+004
2.419183524308717e+004
2.419516904304681e+004
2.419850274300645e+004
2.420183644296610e+004
2.420517024292576e+004
2.420850404288537e+004
2.421183764284500e+004
2.421517144280465e+004
2.421850524276425e+004
2.422183904272389e+004
2.422517284268353e+004
2.422850664264317e+004
2.423184024260280e+004
2.423517404256244e+004
2.423850784252209e+004
2.424184154248174e+004
2.424517524244136e+004
2.424850904240101e+004
2.425184284236065e+004
2.425517664232028e+004
2.425851024227997e+004
2.426184404223959e+004
2.426517784219920e+004
2.426851164215883e+004
2.427184544211847e+004
2.427517914207815e+004
2.427851284203776e+004
2.428184664199737e+004
2.428518044195701e+004
2.428851404191664e+004
2.429184784187628e+004
2.429518164183592e+004
2.429851544179556e+004
2.430184924175520e+004
2.430518304171483e+004
2.430851674167448e+004
2.431185044163412e+004
2.431518424159379e+004
2.431851794155341e+004
2.432185164151304e+004
2.432518544147267e+004
2.432851924143234e+004
2.433185304139197e+004
2.433518684135162e+004
2.433852044131122e+004
2.434185424127086e+004
2.434518804123052e+004
2.434852184119012e+004
2.435185554114976e+004
2.435518924110940e+004
2.435852304106904e+004
2.436185684102867e+004
2.436519044098831e+004
2.436852424094795e+004
2.437185804090759e+004
2.437519184086722e+004
2.437852564082688e+004
2.438185944078651e+004
2.438519314074615e+004
2.438852684070583e+004
2.439186064066546e+004
2.439519434062506e+004
2.439852804058470e+004
2.440186184054436e+004
2.440519564050401e+004
2.440852944046362e+004
2.441186324042323e+004
2.441519684038291e+004
2.441853064034251e+004
2.442186444030215e+004
2.442519824026179e+004
2.442853194022144e+004
2.443186564018106e+004
2.443519944014070e+004
2.443853324010034e+004
2.444186684005999e+004
2.444520064001967e+004
2.444853443997927e+004
2.445186823993890e+004
2.445520203989853e+004
2.445853583985820e+004
2.446186953981785e+004
2.446520323977745e+004
2.446853703973709e+004
2.447187073969672e+004
2.447520443965640e+004
2.447853823961601e+004
2.448187203957562e+004
2.448520583953527e+004
2.448853963949491e+004
2.449187343945453e+004
2.449520703941418e+004
2.449854083937382e+004
2.450187463933346e+004
2.450520833929308e+004
2.450854203925274e+004
2.451187583921237e+004
2.451520963917204e+004
2.451854343913170e+004
2.452187703909129e+004
2.452521083905092e+004
2.452854463901056e+004
2.453187843897022e+004
2.453521223892987e+004
2.453854593888947e+004
2.454187963884910e+004
2.454521343880877e+004
2.454854713876836e+004
2.455188083872802e+004
2.455521463868766e+004
2.455854843864730e+004
2.456188223860692e+004
2.456521603856656e+004
2.456854983852620e+004
2.457188353848585e+004
2.457521723844548e+004
2.457855103840513e+004
2.458188473836476e+004
2.458521843832443e+004
2.458855223828409e+004
2.459188603824371e+004
2.459521983820332e+004
2.459855353816296e+004
2.460188723812261e+004
2.460522103808227e+004
2.460855483804188e+004
2.461188863800149e+004
2.461522233796114e+004
2.461855603792076e+004
2.462188983788040e+004
2.462522353784004e+004
2.462855723779969e+004
2.463189103775931e+004
2.463522483771895e+004
2.463855863767859e+004
2.464189243763823e+004
2.464522623759790e+004
2.464855983755752e+004
2.465189363751715e+004
2.465522743747679e+004
2.465856113743642e+004
2.466189483739610e+004
2.466522863735571e+004
2.466856243731534e+004
2.467189623727498e+004
2.467522983723466e+004
2.467856363719424e+004
2.468189743715388e+004
2.468523123711352e+004
2.468856503707316e+004
2.469189873703278e+004
2.469523243699243e+004
2.469856623695207e+004
2.470189993691171e+004
2.470523363687134e+004
2.470856743683099e+004
2.471190123679063e+004
2.471523503675029e+004
2.471856883670995e+004
2.472190263666958e+004
2.472523633662918e+004
2.472857003658882e+004
2.473190383654847e+004
2.473523753650810e+004
2.473857123646773e+004
2.474190503642736e+004
2.474523883638703e+004
2.474857263634662e+004
2.475190643630626e+004
2.475524013626591e+004
2.475857383622555e+004
2.476190763618518e+004
2.476524143614482e+004
2.476857523610446e+004
2.477190893606411e+004
2.477524273602376e+004
2.477857653598339e+004
2.478191013594301e+004
2.478524393590268e+004
2.478857773586232e+004
2.479191143582197e+004
2.479524523578157e+004
2.479857903574120e+004
2.480191273570084e+004
2.480524653566047e+004
2.480858023562010e+004
2.481191393557975e+004
2.481524773553939e+004
2.481858153549902e+004
2.482191533545865e+004
2.482524903541830e+004
2.482858283537794e+004
2.483191653533757e+004
2.483525023529721e+004
2.483858403525686e+004
2.484191783521649e+004
2.484525163517616e+004
2.484858533513578e+004
2.485191913509538e+004
2.485525293505504e+004
2.485858653501468e+004
2.486192033497436e+004
2.486525413493396e+004
2.486858783489359e+004
2.487192163485322e+004
2.487525543481289e+004
2.487858913477248e+004
2.488192293473213e+004
2.488525663469177e+004
2.488859033465141e+004
2.489192413461109e+004
2.489525793457069e+004
2.489859173453032e+004
2.490192543448997e+004
2.490525923444965e+004
2.490859303440925e+004
2.491192663436888e+004
2.491526043432855e+004
2.491859423428820e+004
2.492192803424783e+004
2.492526173420743e+004
2.492859553416706e+004
2.493192933412670e+004
2.493526303408638e+004
2.493859673404599e+004
2.494193053400562e+004
2.494526423396525e+004
2.494859803392488e+004
2.495193183388452e+004
2.495526553384416e+004
2.495859933380381e+004
2.496193313376344e+004
2.496526673372308e+004
2.496860053368272e+004
2.497193433364236e+004
2.497526813360202e+004
2.497860183356164e+004
2.498193563352127e+004
2.498526943348091e+004
2.498860313344057e+004
2.499193683340022e+004
2.499527063335983e+004
2.499860443331946e+004
2.500193813327909e+004
2.500527193323872e+004
2.500860573319835e+004
2.501193943315800e+004
2.501527313311765e+004
2.501860693307727e+004
2.502194063303691e+004
2.502527443299655e+004
2.502860823295619e+004
2.503194193291583e+004
2.503527573287551e+004
2.503860953283511e+004
2.504194313279475e+004
2.504527693275441e+004
2.504861073271403e+004
2.505194453267363e+004
2.505527823263330e+004
2.505861203259294e+004
2.506194583255259e+004
2.506527943251222e+004
2.506861323247185e+004
2.507194703243148e+004
2.507528083239112e+004
2.507861453235074e+004
2.508194833231039e+004
2.508528213227003e+004
2.508861583222967e+004
2.509194963218929e+004
2.509528333214895e+004
2.509861703210858e+004
2.510195083206822e+004
2.510528463202791e+004
2.510861833198750e+004
2.511195213194714e+004
2.511528593190678e+004
2.511861953186645e+004
2.512195333182608e+004
2.512528713178568e+004
2.512862093174532e+004
2.513195463170498e+004
2.513528843166464e+004
2.513862223162422e+004
2.514195593158387e+004
2.514528963154351e+004
2.514862343150313e+004
2.515195723146277e+004
2.515529093142242e+004
2.515862473138206e+004
2.516195853134169e+004
2.516529223130133e+004
2.516862603126097e+004
2.517195973122062e+004
2.517529343118030e+004
2.517862723113989e+004
2.518196103109953e+004
2.518529473105917e+004
2.518862853101883e+004
2.519196233097848e+004
2.519529603093809e+004
2.519862973089771e+004
2.520196353085735e+004
2.520529733081697e+004
2.520863103077661e+004
2.521196483073625e+004
2.521529863069589e+004
2.521863233065553e+004
2.522196603061516e+004
2.522529983057480e+004
2.522863363053444e+004
2.523196733049408e+004
2.523530113045376e+004
2.523863493041336e+004
2.524196863037300e+004
2.524530243033267e+004
2.524863613029229e+004
2.525196983025192e+004
2.525530363021155e+004
2.525863743017119e+004
2.526197113013087e+004
2.526530493009050e+004
2.526863873005009e+004
2.527197243000973e+004
2.527530612996937e+004
2.527863992992899e+004
2.528197372988864e+004
2.528530742984828e+004
2.528864122980792e+004
2.529197502976755e+004
2.529530872972720e+004
2.529864252968683e+004
2.530197622964648e+004
2.530531002960616e+004
2.530864372956575e+004
2.531197752952539e+004
2.531531132948503e+004
2.531864502944468e+004
2.532197882940434e+004
2.532531262936395e+004
2.532864622932358e+004
2.533198002928324e+004
2.533531382924289e+004
2.533864752920248e+004
2.534198132916212e+004
2.534531512912177e+004
2.534864882908139e+004
2.535198262904103e+004
2.535531632900067e+004
2.535865012896032e+004
2.536198382891994e+004
2.536531762887959e+004
2.536865142883923e+004
2.537198512879889e+004
2.537531892875853e+004
2.537865272871818e+004
2.538198642867778e+004
2.538532012863742e+004
2.538865392859708e+004
2.539198772855673e+004
2.539532142851634e+004
2.539865522847597e+004
2.540198902843559e+004
2.540532272839523e+004
2.540865642835487e+004
2.541199022831451e+004
2.541532392827416e+004
2.541865772823378e+004
2.542199152819341e+004
2.542532522815306e+004
2.542865902811270e+004
2.543199272807234e+004
2.543532652803202e+004
2.543866022799162e+004
2.544199402795125e+004
2.544532782791092e+004
2.544866152787057e+004
2.545199532783017e+004
2.545532912778981e+004
2.545866282774945e+004
2.546199652770913e+004
2.546533032766875e+004
2.546866412762834e+004
2.547199782758798e+004
2.547533162754762e+004
2.547866542750725e+004
2.548199912746689e+004
2.548533282742654e+004
2.548866662738618e+004
2.549200032734580e+004
2.549533412730545e+004
2.549866792726509e+004
2.550200162722476e+004
2.550533542718441e+004
2.550866922714401e+004
2.551200292710365e+004
2.551533662706328e+004
2.551867042702294e+004
2.552200422698259e+004
2.552533792694220e+004
2.552867172690184e+004
2.553200552686150e+004
2.553533932682109e+004
2.553867292678073e+004
2.554200672674037e+004
2.554534052670002e+004
2.554867422665964e+004
2.555200802661928e+004
2.555534182657892e+004
2.555867552653857e+004
2.556200932649820e+004
2.556534302645785e+004
2.556867672641748e+004
2.557201052637714e+004
2.557534432633678e+004
2.557867802629643e+004
2.558201182625604e+004
2.558534562621567e+004
2.558867942617531e+004
2.559201302613498e+004
2.559534682609460e+004
2.559868062605421e+004
2.560201432601389e+004
2.560534812597348e+004
2.560868192593317e+004
2.561201562589276e+004
2.561534932585241e+004
2.561868312581204e+004
2.562201692577166e+004
2.562535062573131e+004
2.562868442569095e+004
2.563201822565062e+004
2.563535192561024e+004
2.563868562556987e+004
2.564201942552951e+004
2.564535312548917e+004
2.564868692544883e+004
2.565202072540842e+004
2.565535442536806e+004
2.565868822532770e+004
2.566202202528736e+004
2.566535572524701e+004
2.566868942520660e+004
2.567202322516624e+004
2.567535702512588e+004
2.567869072508550e+004
2.568202452504515e+004
2.568535832500479e+004
2.568869212496444e+004
2.569202572492405e+004
2.569535952488372e+004
2.569869332484334e+004
2.570202702480301e+004
2.570536082476267e+004
2.570869462472230e+004
2.571202832468189e+004
2.571536212464153e+004
2.571869582460119e+004
2.572202952456081e+004
2.572536332452045e+004
2.572869712448008e+004
2.573203082443975e+004
2.573536462439934e+004
2.573869842435898e+004
2.574203222431862e+004
2.574536582427827e+004
2.574869962423790e+004
2.575203342419754e+004
2.575536712415718e+004
2.575870092411683e+004
2.576203472407648e+004
2.576536852403611e+004
2.576870222399574e+004
2.577203592395539e+004
2.577536972391504e+004
2.577870342387469e+004
2.578203722383429e+004
2.578537102379392e+004
2.578870472375356e+004
2.579203852371319e+004
2.579537232367284e+004
2.579870592363247e+004
2.580203972359211e+004
2.580537352355174e+004
2.580870722351137e+004
2.581204102347101e+004
2.581537482343065e+004
2.581870862339030e+004
2.582204222334993e+004
2.582537602330957e+004
2.582870982326921e+004
2.583204352322887e+004
2.583537732318850e+004
2.583871112314814e+004
2.584204492310776e+004
2.584537862306740e+004
2.584871232302708e+004
2.585204612298668e+004
2.585537982294631e+004
2.585871362290595e+004
2.586204742286561e+004
2.586538112282520e+004
2.586871492278485e+004
2.587204872274449e+004
2.587538232270413e+004
2.587871612266381e+004
2.588204992262340e+004
2.588538362258305e+004
2.588871742254269e+004
2.589205122250231e+004
2.589538502246197e+004
2.589871872242160e+004
2.590205242238127e+004
2.590538622234092e+004
2.590871992230049e+004
2.591205372226015e+004
2.591538752221978e+004
2.591872132217942e+004
2.592205502213910e+004
2.592538882209871e+004
2.592872252205834e+004
2.593205622201797e+004
2.593539002197760e+004
2.593872382193724e+004
2.594205752189688e+004
2.594539132185653e+004
2.594872512181615e+004
2.595205882177579e+004
2.595539252173543e+004
2.595872632169508e+004
2.596206002165476e+004
2.596539382161436e+004
2.596872762157399e+004
2.597206142153362e+004
2.597539512149329e+004
2.597872892145294e+004
2.598206262141254e+004
2.598539632137217e+004
2.598873012133181e+004
2.599206392129144e+004
2.599539772125107e+004
2.599873142121072e+004
2.600206522117036e+004
2.600539902113000e+004
2.600873262108963e+004
2.601206642104927e+004
2.601540022100891e+004
2.601873392096855e+004
2.602206772092823e+004
2.602540152088783e+004
2.602873522084746e+004
2.603206892080713e+004
2.603540272076675e+004
2.603873642072638e+004
2.604207022068602e+004
2.604540402064566e+004
2.604873782060531e+004
2.605207152056490e+004
2.605540532052457e+004
2.605873902048419e+004
2.606207272044383e+004
2.606540652040346e+004
2.606874032036310e+004
2.607207412032274e+004
2.607540782028239e+004
2.607874162024201e+004
2.608207542020165e+004
2.608540902016130e+004
2.608874282012094e+004
2.609207662008062e+004
2.609541032004022e+004
2.609874411999986e+004
2.610207791995950e+004
2.610541161991918e+004
2.610874541987880e+004
2.611207911983840e+004
2.611541281979805e+004
2.611874661975770e+004
2.612208041971736e+004
2.612541421967694e+004
2.612874791963659e+004
2.613208171959623e+004
2.613541541955585e+004
2.613874911951549e+004
2.614208291947514e+004
2.614541671943478e+004
2.614875051939441e+004
2.615208421935404e+004
2.615541801931369e+004
2.615875181927333e+004
2.616208551923299e+004
2.616541921919261e+004
2.616875301915225e+004
2.617208671911189e+004
2.617542051907154e+004
2.617875431903120e+004
2.618208801899081e+004
2.618542181895043e+004
2.618875551891007e+004
2.619208921886975e+004
2.619542301882933e+004
2.619875681878897e+004
2.620209061874861e+004
2.620542431870825e+004
2.620875811866787e+004
2.621209181862752e+004
2.621542551858717e+004
2.621875931854680e+004
2.622209311850648e+004
2.622542691846608e+004
2.622876061842572e+004
2.623209441838539e+004
2.623542821834504e+004
2.623876181830464e+004
2.624209561826427e+004
2.624542941822391e+004
2.624876311818359e+004
2.625209691814316e+004
2.625543071810282e+004
2.625876441806245e+004
2.626209821802209e+004
2.626543191798171e+004
2.626876561794136e+004
2.627209941790100e+004
2.627543321786064e+004
2.627876701782027e+004
2.628210071777992e+004
2.628543451773955e+004
2.628876831769919e+004
2.629210191765887e+004
2.629543571761847e+004
2.629876951757811e+004
2.630210331753775e+004
2.630543701749740e+004
2.630877081745706e+004
2.631210461741667e+004
2.631543831737631e+004
2.631877201733596e+004
2.632210581729561e+004
2.632543951725520e+004
2.632877331721484e+004
2.633210711717448e+004
2.633544081713411e+004
2.633877461709375e+004
2.634210841705339e+004
2.634544201701303e+004
2.634877581697266e+004
2.635210961693230e+004
2.635544341689195e+004
2.635877711685160e+004
2.636211091681125e+004
2.636544471677090e+004
2.636877841673050e+004
2.637211211669014e+004
2.637727541662763e+004
2.638610591652070e+004
2.639610701639962e+004
2.640610831627853e+004
2.641610971615743e+004
2.642611081603635e+004
2.643611211591527e+004
2.644611351579416e+004
2.645611451567308e+004
2.646611591555201e+004
2.647611731543095e+004
2.648611831530987e+004
2.651999221489973e+004
2.655236491450778e+004
2.655545281447039e+004
2.660127751391560e+004
2.665160301330633e+004
2.697675600936959e+004
